0,0,1,3,4,3,4,7,5,8,7,8,3.26,2.89,2.93,3.11,3.26,2.99,2.99,3.26,3.26,3.26,3.26,3.26,1,
0,0,1,3,4,3,4,7,5,8,7,8,3.26,2.89,2.93,3.11,3.26,2.99,2.99,3.26,3.26,3.26,3.26,3.26,1,
0,0,1,3,4,3,4,7,5,8,7,8,3.26,2.89,2.93,3.11,3.26,2.99,2.99,3.26,3.26,3.26,3.26,3.26,1,
0,0,1,3,4,3,4,7,5,8,7,8,3.26,2.89,2.93,3.11,3.26,2.99,2.99,3.26,3.26,3.26,3.26,3.26,1,
0,0,1,3,4,3,4,7,5,8,7,8,3.26,2.89,2.93,3.11,3.26,2.99,2.99,3.26,3.26,3.26,3.26,3.26,1,
0,0,1,3,4,3,4,7,5,8,7,8,3.26,2.89,2.93,3.11,3.26,2.99,2.99,3.26,3.26,3.26,3.26,3.26,1,
0,0,1,3,4,3,4,7,5,8,7,8,3.26,2.89,2.93,3.11,3.26,2.99,2.99,3.26,3.26,3.26,3.26,3.26,1,
0,0,1,3,4,3,4,7,5,8,7,8,3.26,2.89,2.93,3.11,3.26,2.99,2.99,3.26,3.26,3.26,3.26,3.26,1,
0,0,1,3,4,3,4,7,5,8,7,8,3.26,2.89,2.93,3.11,3.26,2.99,2.99,3.26,3.26,3.26,3.26,3.26,1,
0,0,1,3,4,3,4,7,5,8,7,8,3.26,2.89,2.93,3.11,3.26,2.99,2.99,3.26,3.26,3.26,3.26,3.26,1,
0,0,1,3,4,3,4,7,5,8,7,8,3.26,2.89,2.93,3.11,3.26,2.99,2.99,3.26,3.26,3.26,3.26,3.26,1,
0,0,1,3,4,3,4,7,5,8,7,8,3.26,2.89,2.93,3.11,3.26,2.99,2.99,3.26,3.26,3.26,3.26,3.26,1,
0,0,1,3,4,3,4,7,5,8,7,8,3.26,2.89,2.93,3.11,3.26,2.99,2.99,3.26,3.26,3.26,3.26,3.26,1,
0,0,1,3,4,3,4,7,5,8,7,8,3.26,2.89,2.93,3.11,3.26,2.99,2.99,3.26,3.26,3.26,3.26,3.26,1,
1,0,1,3,4,3,4,7,5,8,7,8,3.26,2.89,2.93,3.11,3.26,2.99,2.99,3.26,3.26,3.26,3.26,3.26,2,
1,0,1,3,4,3,4,7,5,8,7,8,3.26,2.89,2.93,3.11,3.26,2.99,2.99,3.26,3.26,3.26,3.26,3.26,2,
1,0,1,3,4,3,4,7,5,8,7,8,3.26,2.89,2.93,3.11,3.26,2.99,2.99,3.26,3.26,3.26,3.26,3.26,2,
1,0,1,3,4,3,4,7,5,8,7,8,3.26,2.89,2.93,3.11,3.26,2.99,2.99,3.26,3.26,3.26,3.26,3.26,2,
1,0,1,3,4,3,4,7,5,8,7,8,3.26,2.89,2.93,3.11,3.26,2.99,2.99,3.26,3.26,3.26,3.26,3.26,2,
1,0,1,3,4,3,4,7,5,8,7,8,3.26,2.89,2.93,3.11,3.26,2.99,2.99,3.26,3.26,3.26,3.26,3.26,2,
1,0,1,3,4,3,4,7,5,8,7,8,3.26,2.89,2.93,3.11,3.26,2.99,2.99,3.26,3.26,3.26,3.26,3.26,2,
1,0,1,3,4,3,4,7,5,8,7,8,3.26,2.89,2.93,3.11,3.26,2.99,2.99,3.26,3.26,3.26,3.26,3.26,2,
1,0,1,3,4,3,4,7,5,8,7,8,3.26,2.89,2.93,3.11,3.26,2.99,2.99,3.26,3.26,3.26,3.26,3.26,2,
1,0,1,3,4,3,4,7,5,8,7,8,3.26,2.89,2.93,3.11,3.26,2.99,2.99,3.26,3.26,3.26,3.26,3.26,2,
1,0,1,3,4,3,4,7,5,8,7,8,3.26,2.89,2.93,3.11,3.26,2.99,2.99,3.26,3.26,3.26,3.26,3.26,2,
1,0,1,3,4,3,4,7,5,8,7,8,3.26,2.89,2.93,3.11,3.26,2.99,2.99,3.26,3.26,3.26,3.26,3.26,2,
1,0,1,3,4,3,4,7,5,8,7,8,3.26,2.89,2.93,3.11,3.26,2.99,2.99,3.26,3.26,3.26,3.26,3.26,2,
1,0,1,3,4,3,4,7,5,8,7,8,3.26,2.89,2.93,3.11,3.26,2.99,2.99,3.26,3.26,3.26,3.26,3.26,2,
0,0,1,3,4,3,4,7,5,8,7,8,3.26,2.89,2.93,3.11,3.26,2.99,2.99,3.26,3.26,3.26,3.26,3.26,3,
0,0,1,3,4,3,4,7,5,8,7,8,3.26,2.89,2.93,3.11,3.26,2.99,2.99,3.26,3.26,3.26,3.26,3.26,3,
0,0,1,3,4,3,4,7,5,8,7,8,3.26,2.89,2.93,3.11,3.26,2.99,2.99,3.26,3.26,3.26,3.26,3.26,3,
0,0,1,3,4,3,4,7,5,8,7,8,3.26,2.89,2.93,3.11,3.26,2.99,2.99,3.26,3.26,3.26,3.26,3.26,3,
0,0,1,3,4,3,4,7,5,8,7,8,3.26,2.89,2.93,3.11,3.26,2.99,2.99,3.26,3.26,3.26,3.26,3.26,3,
0,0,1,3,4,3,4,7,5,8,7,8,3.26,2.89,2.93,3.11,3.26,2.99,2.99,3.26,3.26,3.26,3.26,3.26,3,
0,0,1,3,4,3,4,7,5,8,7,8,3.26,2.89,2.93,3.11,3.26,2.99,2.99,3.26,3.26,3.26,3.26,3.26,3,
0,0,1,3,4,3,4,7,5,8,7,8,3.26,2.89,2.93,3.11,3.26,2.99,2.99,3.26,3.26,3.26,3.26,3.26,3,
0,0,1,3,4,3,4,7,5,8,7,8,3.26,2.89,2.93,3.11,3.26,2.99,2.99,3.26,3.26,3.26,3.26,3.26,3,
0,0,1,3,4,3,4,7,5,8,7,8,3.26,2.89,2.93,3.11,3.26,2.99,2.99,3.26,3.26,3.26,3.26,3.26,3,
0,0,1,3,4,3,4,7,5,8,7,8,3.26,2.89,2.93,3.11,3.26,2.99,2.99,3.26,3.26,3.26,3.26,3.26,3,
0,0,1,3,4,3,4,7,5,8,7,8,3.26,2.89,2.93,3.11,3.26,2.99,2.99,3.26,3.26,3.26,3.26,3.26,3,
0,0,1,3,4,3,4,7,5,8,7,8,3.26,2.89,2.93,3.11,3.26,2.99,2.99,3.26,3.26,3.26,3.26,3.26,3,
0,0,1,3,4,3,4,7,5,8,7,8,3.26,2.89,2.93,3.11,3.26,2.99,2.99,3.26,3.26,3.26,3.26,3.26,3,
1,0,1,3,4,3,4,7,5,8,7,8,3.26,2.89,2.93,3.11,3.26,2.99,2.99,3.26,3.26,3.26,3.26,3.26,4,
1,0,1,3,4,3,4,7,5,8,7,8,3.26,2.89,2.93,3.11,3.26,2.99,2.99,3.26,3.26,3.26,3.26,3.26,4,
1,0,1,3,4,3,4,7,5,8,7,8,3.26,2.89,2.93,3.11,3.26,2.99,2.99,3.26,3.26,3.26,3.26,3.26,4,
1,0,1,3,4,3,4,7,5,8,7,8,3.26,2.89,2.93,3.11,3.26,2.99,2.99,3.26,3.26,3.26,3.26,3.26,4,
1,0,1,3,4,3,4,7,5,8,7,8,3.26,2.89,2.93,3.11,3.26,2.99,2.99,3.26,3.26,3.26,3.26,3.26,4,
1,0,1,3,4,3,4,7,5,8,7,8,3.26,2.89,2.93,3.11,3.26,2.99,2.99,3.26,3.26,3.26,3.26,3.26,4,
1,0,1,3,4,3,4,7,5,8,7,8,3.26,2.89,2.93,3.11,3.26,2.99,2.99,3.26,3.26,3.26,3.26,3.26,4,
1,0,1,3,4,3,4,7,5,8,7,8,3.26,2.89,2.93,3.11,3.26,2.99,2.99,3.26,3.26,3.26,3.26,3.26,4,
1,0,1,3,4,3,4,7,5,8,7,8,3.26,2.89,2.93,3.11,3.26,2.99,2.99,3.26,3.26,3.26,3.26,3.26,4,
1,0,1,3,4,3,4,7,5,8,7,8,3.26,2.89,2.93,3.11,3.26,2.99,2.99,3.26,3.26,3.26,3.26,3.26,4,
1,0,1,3,4,3,4,7,5,8,7,8,3.26,2.89,2.93,3.11,3.26,2.99,2.99,3.26,3.26,3.26,3.26,3.26,4,
1,0,1,3,4,3,4,7,5,8,7,8,3.26,2.89,2.93,3.11,3.26,2.99,2.99,3.26,3.26,3.26,3.26,3.26,4,
1,0,1,3,4,3,4,7,5,8,7,8,3.26,2.89,2.93,3.11,3.26,2.99,2.99,3.26,3.26,3.26,3.26,3.26,4,
1,0,1,3,4,3,4,7,5,8,7,8,3.26,2.89,2.93,3.11,3.26,2.99,2.99,3.26,3.26,3.26,3.26,3.26,4,
0,0,1,3,4,3,4,7,5,8,7,8,3.26,2.89,2.93,3.11,3.26,2.99,2.99,3.26,3.26,3.26,3.26,3.26,5,
0,0,1,3,4,3,4,7,5,8,7,8,3.26,2.89,2.93,3.11,3.26,2.99,2.99,3.26,3.26,3.26,3.26,3.26,5,
0,0,1,3,4,3,4,7,5,8,7,8,3.26,2.89,2.93,3.11,3.26,2.99,2.99,3.26,3.26,3.26,3.26,3.26,5,
0,0,1,3,4,3,4,7,5,8,7,8,3.26,2.89,2.93,3.11,3.26,2.99,2.99,3.26,3.26,3.26,3.26,3.26,5,
0,0,1,3,4,3,4,7,5,8,7,8,3.26,2.89,2.93,3.11,3.26,2.99,2.99,3.26,3.26,3.26,3.26,3.26,5,
0,0,1,3,4,3,4,7,5,8,7,8,3.26,2.89,2.93,3.11,3.26,2.99,2.99,3.26,3.26,3.26,3.26,3.26,5,
0,0,1,3,4,3,4,7,5,8,7,8,3.26,2.89,2.93,3.11,3.26,2.99,2.99,3.26,3.26,3.26,3.26,3.26,5,
0,0,1,3,4,3,4,7,5,8,7,8,3.26,2.89,2.93,3.11,3.26,2.99,2.99,3.26,3.26,3.26,3.26,3.26,5,
0,0,1,3,4,3,4,7,5,8,7,8,3.26,2.89,2.93,3.11,3.26,2.99,2.99,3.26,3.26,3.26,3.26,3.26,5,
0,0,1,3,4,3,4,7,5,8,7,8,3.26,2.89,2.93,3.11,3.26,2.99,2.99,3.26,3.26,3.26,3.26,3.26,5,
0,0,1,3,4,3,4,7,5,8,7,8,3.26,2.89,2.93,3.11,3.26,2.99,2.99,3.26,3.26,3.26,3.26,3.26,5,
0,0,1,3,4,3,4,7,5,8,7,8,3.26,2.89,2.93,3.11,3.26,2.99,2.99,3.26,3.26,3.26,3.26,3.26,5,
0,0,1,3,4,3,4,7,5,8,7,8,3.26,2.89,2.93,3.11,3.26,2.99,2.99,3.26,3.26,3.26,3.26,3.26,5,
0,0,1,3,4,3,4,7,5,8,7,8,3.26,2.89,2.93,3.11,3.26,2.99,2.99,3.26,3.26,3.26,3.26,3.26,5,
1,0,1,3,4,3,4,7,5,8,7,8,3.26,2.89,2.93,3.11,3.26,2.99,2.99,3.26,3.26,3.26,3.26,3.26,6,
1,0,1,3,4,3,4,7,5,8,7,8,3.26,2.89,2.93,3.11,3.26,2.99,2.99,3.26,3.26,3.26,3.26,3.26,6,
1,0,1,3,4,3,4,7,5,8,7,8,3.26,2.89,2.93,3.11,3.26,2.99,2.99,3.26,3.26,3.26,3.26,3.26,6,
1,0,1,3,4,3,4,7,5,8,7,8,3.26,2.89,2.93,3.11,3.26,2.99,2.99,3.26,3.26,3.26,3.26,3.26,6,
1,0,1,3,4,3,4,7,5,8,7,8,3.26,2.89,2.93,3.11,3.26,2.99,2.99,3.26,3.26,3.26,3.26,3.26,6,
1,0,1,3,4,3,4,7,5,8,7,8,3.26,2.89,2.93,3.11,3.26,2.99,2.99,3.26,3.26,3.26,3.26,3.26,6,
1,0,1,3,4,3,4,7,5,8,7,8,3.26,2.89,2.93,3.11,3.26,2.99,2.99,3.26,3.26,3.26,3.26,3.26,6,
1,0,1,3,4,3,4,7,5,8,7,8,3.26,2.89,2.93,3.11,3.26,2.99,2.99,3.26,3.26,3.26,3.26,3.26,6,
1,0,1,3,4,3,4,7,5,8,7,8,3.26,2.89,2.93,3.11,3.26,2.99,2.99,3.26,3.26,3.26,3.26,3.26,6,
1,0,1,3,4,3,4,7,5,8,7,8,3.26,2.89,2.93,3.11,3.26,2.99,2.99,3.26,3.26,3.26,3.26,3.26,6,
1,0,1,3,4,3,4,7,5,8,7,8,3.26,2.89,2.93,3.11,3.26,2.99,2.99,3.26,3.26,3.26,3.26,3.26,6,
1,0,1,3,4,3,4,7,5,8,7,8,3.26,2.89,2.93,3.11,3.26,2.99,2.99,3.26,3.26,3.26,3.26,3.26,6,
1,0,1,3,4,3,4,7,5,8,7,8,3.26,2.89,2.93,3.11,3.26,2.99,2.99,3.26,3.26,3.26,3.26,3.26,6,
1,0,1,3,4,3,4,7,5,8,7,8,3.26,2.89,2.93,3.11,3.26,2.99,2.99,3.26,3.26,3.26,3.26,3.26,6,
0,0,1,3,4,3,4,7,5,8,7,8,3.26,2.89,2.93,3.11,3.26,2.99,2.99,3.26,3.26,3.26,3.26,3.26,7,
0,0,1,3,4,3,4,7,5,8,7,8,3.26,2.89,2.93,3.11,3.26,2.99,2.99,3.26,3.26,3.26,3.26,3.26,7,
0,0,1,3,4,3,4,7,5,8,7,8,3.26,2.89,2.93,3.11,3.26,2.99,2.99,3.26,3.26,3.26,3.26,3.26,7,
0,0,1,3,4,3,4,7,5,8,7,8,3.26,2.89,2.93,3.11,3.26,2.99,2.99,3.26,3.26,3.26,3.26,3.26,7,
0,0,1,3,4,3,4,7,5,8,7,8,3.26,2.89,2.93,3.11,3.26,2.99,2.99,3.26,3.26,3.26,3.26,3.26,7,
0,0,1,3,4,3,4,7,5,8,7,8,3.26,2.89,2.93,3.11,3.26,2.99,2.99,3.26,3.26,3.26,3.26,3.26,7,
0,0,1,3,4,3,4,7,5,8,7,8,3.26,2.89,2.93,3.11,3.26,2.99,2.99,3.26,3.26,3.26,3.26,3.26,7,
0,0,1,3,4,3,4,7,5,8,7,8,3.26,2.89,2.93,3.11,3.26,2.99,2.99,3.26,3.26,3.26,3.26,3.26,7,
0,0,1,3,4,3,4,7,5,8,7,8,3.26,2.89,2.93,3.11,3.26,2.99,2.99,3.26,3.26,3.26,3.26,3.26,7,
0,0,1,3,4,3,4,7,5,8,7,8,3.26,2.89,2.93,3.11,3.26,2.99,2.99,3.26,3.26,3.26,3.26,3.26,7,
0,0,1,3,4,3,4,7,5,8,7,8,3.26,2.89,2.93,3.11,3.26,2.99,2.99,3.26,3.26,3.26,3.26,3.26,7,
0,0,1,3,4,3,4,7,5,8,7,8,3.26,2.89,2.93,3.11,3.26,2.99,2.99,3.26,3.26,3.26,3.26,3.26,7,
0,0,1,3,4,3,4,7,5,8,7,8,3.26,2.89,2.93,3.11,3.26,2.99,2.99,3.26,3.26,3.26,3.26,3.26,7,
0,0,1,3,4,3,4,7,5,8,7,8,3.26,2.89,2.93,3.11,3.26,2.99,2.99,3.26,3.26,3.26,3.26,3.26,7,
1,0,1,3,4,3,4,7,5,8,7,8,3.26,2.89,2.93,3.11,3.26,2.99,2.99,3.26,3.26,3.26,3.26,3.26,8,
1,0,1,3,4,3,4,7,5,8,7,8,3.26,2.89,2.93,3.11,3.26,2.99,2.99,3.26,3.26,3.26,3.26,3.26,8,
1,0,1,3,4,3,4,7,5,8,7,8,3.26,2.89,2.93,3.11,3.26,2.99,2.99,3.26,3.26,3.26,3.26,3.26,8,
1,0,1,3,4,3,4,7,5,8,7,8,3.26,2.89,2.93,3.11,3.26,2.99,2.99,3.26,3.26,3.26,3.26,3.26,8,
1,0,1,3,4,3,4,7,5,8,7,8,3.26,2.89,2.93,3.11,3.26,2.99,2.99,3.26,3.26,3.26,3.26,3.26,8,
1,0,1,3,4,3,4,7,5,8,7,8,3.26,2.89,2.93,3.11,3.26,2.99,2.99,3.26,3.26,3.26,3.26,3.26,8,
1,0,1,3,4,3,4,7,5,8,7,8,3.26,2.89,2.93,3.11,3.26,2.99,2.99,3.26,3.26,3.26,3.26,3.26,8,
1,0,1,3,4,3,4,7,5,8,7,8,3.26,2.89,2.93,3.11,3.26,2.99,2.99,3.26,3.26,3.26,3.26,3.26,8,
1,0,1,3,4,3,4,7,5,8,7,8,3.26,2.89,2.93,3.11,3.26,2.99,2.99,3.26,3.26,3.26,3.26,3.26,8,
1,0,1,3,4,3,4,7,5,8,7,8,3.26,2.89,2.93,3.11,3.26,2.99,2.99,3.26,3.26,3.26,3.26,3.26,8,
1,0,1,3,4,3,4,7,5,8,7,8,3.26,2.89,2.93,3.11,3.26,2.99,2.99,3.26,3.26,3.26,3.26,3.26,8,
1,0,1,3,4,3,4,7,5,8,7,8,3.26,2.89,2.93,3.11,3.26,2.99,2.99,3.26,3.26,3.26,3.26,3.26,8,
1,0,1,3,4,3,4,7,5,8,7,8,3.26,2.89,2.93,3.11,3.26,2.99,2.99,3.26,3.26,3.26,3.26,3.26,8,
1,0,1,3,4,3,4,7,5,8,7,8,3.26,2.89,2.93,3.11,3.26,2.99,2.99,3.26,3.26,3.26,3.26,3.26,8,
0,0,1,3,4,3,4,7,5,8,7,8,3.26,2.89,2.93,3.11,3.26,2.99,2.99,3.26,3.26,3.26,3.26,3.26,9,
0,0,1,3,4,3,4,7,5,8,7,8,3.26,2.89,2.93,3.11,3.26,2.99,2.99,3.26,3.26,3.26,3.26,3.26,9,
0,0,1,3,4,3,4,7,5,8,7,8,3.26,2.89,2.93,3.11,3.26,2.99,2.99,3.26,3.26,3.26,3.26,3.26,9,
0,0,1,3,4,3,4,7,5,8,7,8,3.26,2.89,2.93,3.11,3.26,2.99,2.99,3.26,3.26,3.26,3.26,3.26,9,
0,0,1,3,4,3,4,7,5,8,7,8,3.26,2.89,2.93,3.11,3.26,2.99,2.99,3.26,3.26,3.26,3.26,3.26,9,
0,0,1,3,4,3,4,7,5,8,7,8,3.26,2.89,2.93,3.11,3.26,2.99,2.99,3.26,3.26,3.26,3.26,3.26,9,
0,0,1,3,4,3,4,7,5,8,7,8,3.26,2.89,2.93,3.11,3.26,2.99,2.99,3.26,3.26,3.26,3.26,3.26,9,
0,0,1,3,4,3,4,7,5,8,7,8,3.26,2.89,2.93,3.11,3.26,2.99,2.99,3.26,3.26,3.26,3.26,3.26,9,
0,0,1,3,4,3,4,7,5,8,7,8,3.26,2.89,2.93,3.11,3.26,2.99,2.99,3.26,3.26,3.26,3.26,3.26,9,
0,0,1,3,4,3,4,7,5,8,7,8,3.26,2.89,2.93,3.11,3.26,2.99,2.99,3.26,3.26,3.26,3.26,3.26,9,
0,0,1,3,4,3,4,7,5,8,7,8,3.26,2.89,2.93,3.11,3.26,2.99,2.99,3.26,3.26,3.26,3.26,3.26,9,
0,0,1,3,4,3,4,7,5,8,7,8,3.26,2.89,2.93,3.11,3.26,2.99,2.99,3.26,3.26,3.26,3.26,3.26,9,
0,0,1,3,4,3,4,7,5,8,7,8,3.26,2.89,2.93,3.11,3.26,2.99,2.99,3.26,3.26,3.26,3.26,3.26,9,
0,0,1,3,4,3,4,7,5,8,7,8,3.26,2.89,2.93,3.11,3.26,2.99,2.99,3.26,3.26,3.26,3.26,3.26,9,
1,0,1,3,4,3,4,5,5,6,7,8,3.26,2.89,2.89,2.99,3.11,0.78,0.98,3.26,3.26,3.26,3.26,3.26,10,
1,0,1,3,4,3,4,5,5,6,7,8,3.26,2.89,2.89,2.99,3.11,0.78,0.98,3.26,3.26,3.26,3.26,3.26,10,
1,0,1,3,4,3,4,5,5,6,7,8,3.26,2.89,2.89,2.99,3.11,0.78,0.98,3.26,3.26,3.26,3.26,3.26,10,
1,0,1,3,4,3,4,5,5,6,7,8,3.26,2.89,2.89,2.99,3.11,0.78,0.98,3.26,3.26,3.26,3.26,3.26,10,
1,0,1,3,4,3,4,5,5,6,7,8,3.26,2.89,2.89,2.99,3.11,0.78,0.98,3.26,3.26,3.26,3.26,3.26,10,
1,0,1,3,4,3,4,5,5,6,7,8,3.26,2.89,2.89,2.99,3.11,0.78,0.98,3.26,3.26,3.26,3.26,3.26,10,
1,0,1,3,4,3,4,5,5,6,7,8,3.26,2.89,2.89,2.99,3.11,0.78,0.98,3.26,3.26,3.26,3.26,3.26,10,
1,0,1,3,4,3,4,5,5,6,7,8,3.26,2.89,2.89,2.99,3.11,0.78,0.98,3.26,3.26,3.26,3.26,3.26,10,
1,0,1,3,4,3,4,5,5,6,7,8,3.26,2.89,2.89,2.99,3.11,0.78,0.98,3.26,3.26,3.26,3.26,3.26,10,
1,0,1,3,4,3,4,5,5,6,7,8,3.26,2.89,2.89,2.99,3.11,0.78,0.98,3.26,3.26,3.26,3.26,3.26,10,
1,0,1,3,4,3,4,5,5,6,7,8,3.26,2.89,2.89,2.99,3.11,0.78,0.98,3.26,3.26,3.26,3.26,3.26,10,
1,0,1,3,4,3,4,5,5,6,7,8,3.26,2.89,2.89,2.99,3.11,0.78,0.98,3.26,3.26,3.26,3.26,3.26,10,
1,0,1,3,4,3,4,5,5,6,7,8,3.26,2.89,2.89,2.99,3.11,0.78,0.98,3.26,3.26,3.26,3.26,3.26,10,
1,0,1,3,4,3,4,5,5,6,7,8,3.26,2.89,2.89,2.99,3.11,0.78,0.98,3.26,3.26,3.26,3.26,3.26,10,
0,0,1,3,4,12,13,5,5,6,9,11,3.26,3.04,2.91,2.93,2.98,0.91,1.11,3.04,3.26,3.04,3.11,3.11,11,
0,0,1,3,4,12,13,5,5,6,9,11,3.26,3.04,2.91,2.93,2.98,0.91,1.11,3.04,3.26,3.04,3.11,3.11,11,
0,0,1,3,4,12,13,5,5,6,9,11,3.26,3.04,2.91,2.93,2.98,0.91,1.11,3.04,3.26,3.04,3.11,3.11,11,
0,0,1,3,4,12,13,5,5,6,9,11,3.26,3.04,2.91,2.93,2.98,0.91,1.11,3.04,3.26,3.04,3.11,3.11,11,
0,0,1,3,4,12,13,5,5,6,9,11,3.26,3.04,2.91,2.93,2.98,0.91,1.11,3.04,3.26,3.04,3.11,3.11,11,
0,0,1,3,4,12,13,5,5,6,9,11,3.26,3.04,2.91,2.93,2.98,0.91,1.11,3.04,3.26,3.04,3.11,3.11,11,
0,0,1,3,4,12,13,5,5,6,9,11,3.26,3.04,2.91,2.93,2.98,0.91,1.11,3.04,3.26,3.04,3.11,3.11,11,
0,0,1,3,4,12,13,5,5,6,9,11,3.26,3.04,2.91,2.93,2.98,0.91,1.11,3.04,3.26,3.04,3.11,3.11,11,
0,0,1,3,4,12,13,5,5,6,9,11,3.26,3.04,2.91,2.93,2.98,0.91,1.11,3.04,3.26,3.04,3.11,3.11,11,
0,0,1,3,4,12,13,5,5,6,9,11,3.26,3.04,2.91,2.93,2.98,0.91,1.11,3.04,3.26,3.04,3.11,3.11,11,
0,0,1,3,4,12,13,5,5,6,9,11,3.26,3.04,2.91,2.93,2.98,0.91,1.11,3.04,3.26,3.04,3.11,3.11,11,
0,0,1,3,4,12,13,5,5,6,9,11,3.26,3.04,2.91,2.93,2.98,0.91,1.11,3.04,3.26,3.04,3.11,3.11,11,
0,0,1,3,4,12,13,5,5,6,9,11,3.26,3.04,2.91,2.93,2.98,0.91,1.11,3.04,3.26,3.04,3.11,3.11,11,
0,0,1,3,4,12,13,5,5,6,9,11,3.26,3.04,2.91,2.93,2.98,0.91,1.11,3.04,3.26,3.04,3.11,3.11,11,
1,0,1,3,4,3,4,5,5,6,7,8,3.26,2.89,2.89,2.99,3.11,0.88,1.08,3.26,3.26,3.26,3.26,3.26,12,
1,0,1,3,4,3,4,5,5,6,7,8,3.26,2.89,2.89,2.99,3.11,0.88,1.08,3.26,3.26,3.26,3.26,3.26,12,
1,0,1,3,4,3,4,5,5,6,7,8,3.26,2.89,2.89,2.99,3.11,0.88,1.08,3.26,3.26,3.26,3.26,3.26,12,
1,0,1,3,4,3,4,5,5,6,7,8,3.26,2.89,2.89,2.99,3.11,0.88,1.08,3.26,3.26,3.26,3.26,3.26,12,
1,0,1,3,4,3,4,5,5,6,7,8,3.26,2.89,2.89,2.99,3.11,0.88,1.08,3.26,3.26,3.26,3.26,3.26,12,
1,0,1,3,4,3,4,5,5,6,7,8,3.26,2.89,2.89,2.99,3.11,0.88,1.08,3.26,3.26,3.26,3.26,3.26,12,
1,0,1,3,4,3,4,5,5,6,7,8,3.26,2.89,2.89,2.99,3.11,0.88,1.08,3.26,3.26,3.26,3.26,3.26,12,
1,0,1,3,4,3,4,5,5,6,7,8,3.26,2.89,2.89,2.99,3.11,0.88,1.08,3.26,3.26,3.26,3.26,3.26,12,
1,0,1,3,4,3,4,5,5,6,7,8,3.26,2.89,2.89,2.99,3.11,0.88,1.08,3.26,3.26,3.26,3.26,3.26,12,
1,0,1,3,4,3,4,5,5,6,7,8,3.26,2.89,2.89,2.99,3.11,0.88,1.08,3.26,3.26,3.26,3.26,3.26,12,
1,0,1,3,4,3,4,5,5,6,7,8,3.26,2.89,2.89,2.99,3.11,0.88,1.08,3.26,3.26,3.26,3.26,3.26,12,
1,0,1,3,4,3,4,5,5,6,7,8,3.26,2.89,2.89,2.99,3.11,0.88,1.08,3.26,3.26,3.26,3.26,3.26,12,
1,0,1,3,4,3,4,5,5,6,7,8,3.26,2.89,2.89,2.99,3.11,0.88,1.08,3.26,3.26,3.26,3.26,3.26,12,
1,0,1,3,4,3,4,5,5,6,7,8,3.26,2.89,2.89,2.99,3.11,0.88,1.08,3.26,3.26,3.26,3.26,3.26,12,
0,0,1,3,4,12,13,5,5,6,9,11,3.26,3.04,2.91,2.93,2.98,1.01,1.21,3.04,3.26,3.04,3.11,3.11,13,
0,0,1,3,4,12,13,5,5,6,9,11,3.26,3.04,2.91,2.93,2.98,1.01,1.21,3.04,3.26,3.04,3.11,3.11,13,
0,0,1,3,4,12,13,5,5,6,9,11,3.26,3.04,2.91,2.93,2.98,1.01,1.21,3.04,3.26,3.04,3.11,3.11,13,
0,0,1,3,4,12,13,5,5,6,9,11,3.26,3.04,2.91,2.93,2.98,1.01,1.21,3.04,3.26,3.04,3.11,3.11,13,
0,0,1,3,4,12,13,5,5,6,9,11,3.26,3.04,2.91,2.93,2.98,1.01,1.21,3.04,3.26,3.04,3.11,3.11,13,
0,0,1,3,4,12,13,5,5,6,9,11,3.26,3.04,2.91,2.93,2.98,1.01,1.21,3.04,3.26,3.04,3.11,3.11,13,
0,0,1,3,4,12,13,5,5,6,9,11,3.26,3.04,2.91,2.93,2.98,1.01,1.21,3.04,3.26,3.04,3.11,3.11,13,
0,0,1,3,4,12,13,5,5,6,9,11,3.26,3.04,2.91,2.93,2.98,1.01,1.21,3.04,3.26,3.04,3.11,3.11,13,
0,0,1,3,4,12,13,5,5,6,9,11,3.26,3.04,2.91,2.93,2.98,1.01,1.21,3.04,3.26,3.04,3.11,3.11,13,
0,0,1,3,4,12,13,5,5,6,9,11,3.26,3.04,2.91,2.93,2.98,1.01,1.21,3.04,3.26,3.04,3.11,3.11,13,
0,0,1,3,4,12,13,5,5,6,9,11,3.26,3.04,2.91,2.93,2.98,1.01,1.21,3.04,3.26,3.04,3.11,3.11,13,
0,0,1,3,4,12,13,5,5,6,9,11,3.26,3.04,2.91,2.93,2.98,1.01,1.21,3.04,3.26,3.04,3.11,3.11,13,
0,0,1,3,4,12,13,5,5,6,9,11,3.26,3.04,2.91,2.93,2.98,1.01,1.21,3.04,3.26,3.04,3.11,3.11,13,
0,0,1,3,4,12,13,5,5,6,9,11,3.26,3.04,2.91,2.93,2.98,1.01,1.21,3.04,3.26,3.04,3.11,3.11,13,
0,0,1,3,4,3,4,5,5,6,7,8,3.26,2.89,2.89,2.99,3.11,0.99,1.19,3.26,3.26,3.26,3.26,3.26,14,
0,0,1,3,4,3,4,5,5,6,7,8,3.26,2.89,2.89,2.99,3.11,0.99,1.19,3.26,3.26,3.26,3.26,3.26,14,
0,0,1,3,4,3,4,5,5,6,7,8,3.26,2.89,2.89,2.99,3.11,0.99,1.19,3.26,3.26,3.26,3.26,3.26,14,
0,0,1,3,4,3,4,5,5,6,7,8,3.26,2.89,2.89,2.99,3.11,0.99,1.19,3.26,3.26,3.26,3.26,3.26,14,
0,0,1,3,4,3,4,5,5,6,7,8,3.26,2.89,2.89,2.99,3.11,0.99,1.19,3.26,3.26,3.26,3.26,3.26,14,
0,0,1,3,4,3,4,5,5,6,7,8,3.26,2.89,2.89,2.99,3.11,0.99,1.19,3.26,3.26,3.26,3.26,3.26,14,
0,0,1,3,4,3,4,5,5,6,7,8,3.26,2.89,2.89,2.99,3.11,0.99,1.19,3.26,3.26,3.26,3.26,3.26,14,
0,0,1,3,4,3,4,5,5,6,7,8,3.26,2.89,2.89,2.99,3.11,0.99,1.19,3.26,3.26,3.26,3.26,3.26,14,
0,0,1,3,4,3,4,5,5,6,7,8,3.26,2.89,2.89,2.99,3.11,0.99,1.19,3.26,3.26,3.26,3.26,3.26,14,
0,0,1,3,4,3,4,5,5,6,7,8,3.26,2.89,2.89,2.99,3.11,0.99,1.19,3.26,3.26,3.26,3.26,3.26,14,
0,0,1,3,4,3,4,5,5,6,7,8,3.26,2.89,2.89,2.99,3.11,0.99,1.19,3.26,3.26,3.26,3.26,3.26,14,
0,0,1,3,4,3,4,5,5,6,7,8,3.26,2.89,2.89,2.99,3.11,0.99,1.19,3.26,3.26,3.26,3.26,3.26,14,
0,0,1,3,4,3,4,5,5,6,7,8,3.26,2.89,2.89,2.99,3.11,0.99,1.19,3.26,3.26,3.26,3.26,3.26,14,
0,0,1,3,4,3,4,5,5,6,7,8,3.26,2.89,2.89,2.99,3.11,0.99,1.19,3.26,3.26,3.26,3.26,3.26,14,
1,0,1,3,4,12,13,5,5,6,9,11,3.26,3.04,2.91,2.93,2.98,1.12,1.32,3.04,3.26,3.04,3.11,3.11,15,
1,0,1,3,4,12,13,5,5,6,9,11,3.26,3.04,2.91,2.93,2.98,1.12,1.32,3.04,3.26,3.04,3.11,3.11,15,
1,0,1,3,4,12,13,5,5,6,9,11,3.26,3.04,2.91,2.93,2.98,1.12,1.32,3.04,3.26,3.04,3.11,3.11,15,
1,0,1,3,4,12,13,5,5,6,9,11,3.26,3.04,2.91,2.93,2.98,1.12,1.32,3.04,3.26,3.04,3.11,3.11,15,
1,0,1,3,4,12,13,5,5,6,9,11,3.26,3.04,2.91,2.93,2.98,1.12,1.32,3.04,3.26,3.04,3.11,3.11,15,
1,0,1,3,4,12,13,5,5,6,9,11,3.26,3.04,2.91,2.93,2.98,1.12,1.32,3.04,3.26,3.04,3.11,3.11,15,
1,0,1,3,4,12,13,5,5,6,9,11,3.26,3.04,2.91,2.93,2.98,1.12,1.32,3.04,3.26,3.04,3.11,3.11,15,
1,0,1,3,4,12,13,5,5,6,9,11,3.26,3.04,2.91,2.93,2.98,1.12,1.32,3.04,3.26,3.04,3.11,3.11,15,
1,0,1,3,4,12,13,5,5,6,9,11,3.26,3.04,2.91,2.93,2.98,1.12,1.32,3.04,3.26,3.04,3.11,3.11,15,
1,0,1,3,4,12,13,5,5,6,9,11,3.26,3.04,2.91,2.93,2.98,1.12,1.32,3.04,3.26,3.04,3.11,3.11,15,
1,0,1,3,4,12,13,5,5,6,9,11,3.26,3.04,2.91,2.93,2.98,1.12,1.32,3.04,3.26,3.04,3.11,3.11,15,
1,0,1,3,4,12,13,5,5,6,9,11,3.26,3.04,2.91,2.93,2.98,1.12,1.32,3.04,3.26,3.04,3.11,3.11,15,
1,0,1,3,4,12,13,5,5,6,9,11,3.26,3.04,2.91,2.93,2.98,1.12,1.32,3.04,3.26,3.04,3.11,3.11,15,
1,0,1,3,4,12,13,5,5,6,9,11,3.26,3.04,2.91,2.93,2.98,1.12,1.32,3.04,3.26,3.04,3.11,3.11,15,
0,0,1,3,4,3,4,5,5,6,7,8,3.26,2.89,2.89,2.99,3.11,1.10,1.30,3.26,3.26,3.26,3.26,3.26,16,
0,0,1,3,4,3,4,5,5,6,7,8,3.26,2.89,2.89,2.99,3.11,1.10,1.30,3.26,3.26,3.26,3.26,3.26,16,
0,0,1,3,4,3,4,5,5,6,7,8,3.26,2.89,2.89,2.99,3.11,1.10,1.30,3.26,3.26,3.26,3.26,3.26,16,
0,0,1,3,4,3,4,5,5,6,7,8,3.26,2.89,2.89,2.99,3.11,1.10,1.30,3.26,3.26,3.26,3.26,3.26,16,
0,0,1,3,4,3,4,5,5,6,7,8,3.26,2.89,2.89,2.99,3.11,1.10,1.30,3.26,3.26,3.26,3.26,3.26,16,
0,0,1,3,4,3,4,5,5,6,7,8,3.26,2.89,2.89,2.99,3.11,1.10,1.30,3.26,3.26,3.26,3.26,3.26,16,
0,0,1,3,4,3,4,5,5,6,7,8,3.26,2.89,2.89,2.99,3.11,1.10,1.30,3.26,3.26,3.26,3.26,3.26,16,
0,0,1,3,4,3,4,5,5,6,7,8,3.26,2.89,2.89,2.99,3.11,1.10,1.30,3.26,3.26,3.26,3.26,3.26,16,
0,0,1,3,4,3,4,5,5,6,7,8,3.26,2.89,2.89,2.99,3.11,1.10,1.30,3.26,3.26,3.26,3.26,3.26,16,
0,0,1,3,4,3,4,5,5,6,7,8,3.26,2.89,2.89,2.99,3.11,1.10,1.30,3.26,3.26,3.26,3.26,3.26,16,
0,0,1,3,4,3,4,5,5,6,7,8,3.26,2.89,2.89,2.99,3.11,1.10,1.30,3.26,3.26,3.26,3.26,3.26,16,
0,0,1,3,4,3,4,5,5,6,7,8,3.26,2.89,2.89,2.99,3.11,1.10,1.30,3.26,3.26,3.26,3.26,3.26,16,
0,0,1,3,4,3,4,5,5,6,7,8,3.26,2.89,2.89,2.99,3.11,1.10,1.30,3.26,3.26,3.26,3.26,3.26,16,
0,0,1,3,4,3,4,5,5,6,7,8,3.26,2.89,2.89,2.99,3.11,1.10,1.30,3.26,3.26,3.26,3.26,3.26,16,
1,0,1,3,4,12,13,5,5,6,9,11,3.26,3.04,2.91,2.93,2.98,1.23,1.43,3.04,3.26,3.04,3.11,3.11,17,
1,0,1,3,4,12,13,5,5,6,9,11,3.26,3.04,2.91,2.93,2.98,1.23,1.43,3.04,3.26,3.04,3.11,3.11,17,
1,0,1,3,4,12,13,5,5,6,9,11,3.26,3.04,2.91,2.93,2.98,1.23,1.43,3.04,3.26,3.04,3.11,3.11,17,
1,0,1,3,4,12,13,5,5,6,9,11,3.26,3.04,2.91,2.93,2.98,1.23,1.43,3.04,3.26,3.04,3.11,3.11,17,
1,0,1,3,4,12,13,5,5,6,9,11,3.26,3.04,2.91,2.93,2.98,1.23,1.43,3.04,3.26,3.04,3.11,3.11,17,
1,0,1,3,4,12,13,5,5,6,9,11,3.26,3.04,2.91,2.93,2.98,1.23,1.43,3.04,3.26,3.04,3.11,3.11,17,
1,0,1,3,4,12,13,5,5,6,9,11,3.26,3.04,2.91,2.93,2.98,1.23,1.43,3.04,3.26,3.04,3.11,3.11,17,
1,0,1,3,4,12,13,5,5,6,9,11,3.26,3.04,2.91,2.93,2.98,1.23,1.43,3.04,3.26,3.04,3.11,3.11,17,
1,0,1,3,4,12,13,5,5,6,9,11,3.26,3.04,2.91,2.93,2.98,1.23,1.43,3.04,3.26,3.04,3.11,3.11,17,
1,0,1,3,4,12,13,5,5,6,9,11,3.26,3.04,2.91,2.93,2.98,1.23,1.43,3.04,3.26,3.04,3.11,3.11,17,
1,0,1,3,4,12,13,5,5,6,9,11,3.26,3.04,2.91,2.93,2.98,1.23,1.43,3.04,3.26,3.04,3.11,3.11,17,
1,0,1,3,4,12,13,5,5,6,9,11,3.26,3.04,2.91,2.93,2.98,1.23,1.43,3.04,3.26,3.04,3.11,3.11,17,
1,0,1,3,4,12,13,5,5,6,9,11,3.26,3.04,2.91,2.93,2.98,1.23,1.43,3.04,3.26,3.04,3.11,3.11,17,
1,0,1,3,4,12,13,5,5,6,9,11,3.26,3.04,2.91,2.93,2.98,1.23,1.43,3.04,3.26,3.04,3.11,3.11,17,
0,0,1,3,4,3,4,5,5,6,7,8,3.26,2.89,2.89,2.99,3.11,1.20,1.40,3.26,3.26,3.26,3.26,3.26,18,
0,0,1,3,4,3,4,5,5,6,7,8,3.26,2.89,2.89,2.99,3.11,1.20,1.40,3.26,3.26,3.26,3.26,3.26,18,
0,0,1,3,4,3,4,5,5,6,7,8,3.26,2.89,2.89,2.99,3.11,1.20,1.40,3.26,3.26,3.26,3.26,3.26,18,
0,0,1,3,4,3,4,5,5,6,7,8,3.26,2.89,2.89,2.99,3.11,1.20,1.40,3.26,3.26,3.26,3.26,3.26,18,
0,0,1,3,4,3,4,5,5,6,7,8,3.26,2.89,2.89,2.99,3.11,1.20,1.40,3.26,3.26,3.26,3.26,3.26,18,
0,0,1,3,4,3,4,5,5,6,7,8,3.26,2.89,2.89,2.99,3.11,1.20,1.40,3.26,3.26,3.26,3.26,3.26,18,
0,0,1,3,4,3,4,5,5,6,7,8,3.26,2.89,2.89,2.99,3.11,1.20,1.40,3.26,3.26,3.26,3.26,3.26,18,
0,0,1,3,4,3,4,5,5,6,7,8,3.26,2.89,2.89,2.99,3.11,1.20,1.40,3.26,3.26,3.26,3.26,3.26,18,
0,0,1,3,4,3,4,5,5,6,7,8,3.26,2.89,2.89,2.99,3.11,1.20,1.40,3.26,3.26,3.26,3.26,3.26,18,
0,0,1,3,4,3,4,5,5,6,7,8,3.26,2.89,2.89,2.99,3.11,1.20,1.40,3.26,3.26,3.26,3.26,3.26,18,
0,0,1,3,4,3,4,5,5,6,7,8,3.26,2.89,2.89,2.99,3.11,1.20,1.40,3.26,3.26,3.26,3.26,3.26,18,
0,0,1,3,4,3,4,5,5,6,7,8,3.26,2.89,2.89,2.99,3.11,1.20,1.40,3.26,3.26,3.26,3.26,3.26,18,
0,0,1,3,4,3,4,5,5,6,7,8,3.26,2.89,2.89,2.99,3.11,1.20,1.40,3.26,3.26,3.26,3.26,3.26,18,
0,0,1,3,4,3,4,5,5,6,7,8,3.26,2.89,2.89,2.99,3.11,1.20,1.40,3.26,3.26,3.26,3.26,3.26,18,
0,0,1,3,4,12,13,5,5,6,9,11,3.26,3.04,2.91,2.93,2.98,1.33,1.53,3.04,3.26,3.04,3.11,3.11,19,
0,0,1,3,4,12,13,5,5,6,9,11,3.26,3.04,2.91,2.93,2.98,1.33,1.53,3.04,3.26,3.04,3.11,3.11,19,
0,0,1,3,4,12,13,5,5,6,9,11,3.26,3.04,2.91,2.93,2.98,1.33,1.53,3.04,3.26,3.04,3.11,3.11,19,
0,0,1,3,4,12,13,5,5,6,9,11,3.26,3.04,2.91,2.93,2.98,1.33,1.53,3.04,3.26,3.04,3.11,3.11,19,
0,0,1,3,4,12,13,5,5,6,9,11,3.26,3.04,2.91,2.93,2.98,1.33,1.53,3.04,3.26,3.04,3.11,3.11,19,
0,0,1,3,4,12,13,5,5,6,9,11,3.26,3.04,2.91,2.93,2.98,1.33,1.53,3.04,3.26,3.04,3.11,3.11,19,
0,0,1,3,4,12,13,5,5,6,9,11,3.26,3.04,2.91,2.93,2.98,1.33,1.53,3.04,3.26,3.04,3.11,3.11,19,
0,0,1,3,4,12,13,5,5,6,9,11,3.26,3.04,2.91,2.93,2.98,1.33,1.53,3.04,3.26,3.04,3.11,3.11,19,
0,0,1,3,4,12,13,5,5,6,9,11,3.26,3.04,2.91,2.93,2.98,1.33,1.53,3.04,3.26,3.04,3.11,3.11,19,
0,0,1,3,4,12,13,5,5,6,9,11,3.26,3.04,2.91,2.93,2.98,1.33,1.53,3.04,3.26,3.04,3.11,3.11,19,
0,0,1,3,4,12,13,5,5,6,9,11,3.26,3.04,2.91,2.93,2.98,1.33,1.53,3.04,3.26,3.04,3.11,3.11,19,
0,0,1,3,4,12,13,5,5,6,9,11,3.26,3.04,2.91,2.93,2.98,1.33,1.53,3.04,3.26,3.04,3.11,3.11,19,
0,0,1,3,4,12,13,5,5,6,9,11,3.26,3.04,2.91,2.93,2.98,1.33,1.53,3.04,3.26,3.04,3.11,3.11,19,
0,0,1,3,4,12,13,5,5,6,9,11,3.26,3.04,2.91,2.93,2.98,1.33,1.53,3.04,3.26,3.04,3.11,3.11,19,
1,0,1,3,4,3,4,5,5,6,7,8,3.26,2.89,2.89,2.99,3.11,1.31,1.51,3.26,3.26,3.26,3.26,3.26,20,
1,0,1,3,4,3,4,5,5,6,7,8,3.26,2.89,2.89,2.99,3.11,1.31,1.51,3.26,3.26,3.26,3.26,3.26,20,
1,0,1,3,4,3,4,5,5,6,7,8,3.26,2.89,2.89,2.99,3.11,1.31,1.51,3.26,3.26,3.26,3.26,3.26,20,
1,0,1,3,4,3,4,5,5,6,7,8,3.26,2.89,2.89,2.99,3.11,1.31,1.51,3.26,3.26,3.26,3.26,3.26,20,
1,0,1,3,4,3,4,5,5,6,7,8,3.26,2.89,2.89,2.99,3.11,1.31,1.51,3.26,3.26,3.26,3.26,3.26,20,
1,0,1,3,4,3,4,5,5,6,7,8,3.26,2.89,2.89,2.99,3.11,1.31,1.51,3.26,3.26,3.26,3.26,3.26,20,
1,0,1,3,4,3,4,5,5,6,7,8,3.26,2.89,2.89,2.99,3.11,1.31,1.51,3.26,3.26,3.26,3.26,3.26,20,
1,0,1,3,4,3,4,5,5,6,7,8,3.26,2.89,2.89,2.99,3.11,1.31,1.51,3.26,3.26,3.26,3.26,3.26,20,
1,0,1,3,4,3,4,5,5,6,7,8,3.26,2.89,2.89,2.99,3.11,1.31,1.51,3.26,3.26,3.26,3.26,3.26,20,
1,0,1,3,4,3,4,5,5,6,7,8,3.26,2.89,2.89,2.99,3.11,1.31,1.51,3.26,3.26,3.26,3.26,3.26,20,
1,0,1,3,4,3,4,5,5,6,7,8,3.26,2.89,2.89,2.99,3.11,1.31,1.51,3.26,3.26,3.26,3.26,3.26,20,
1,0,1,3,4,3,4,5,5,6,7,8,3.26,2.89,2.89,2.99,3.11,1.31,1.51,3.26,3.26,3.26,3.26,3.26,20,
1,0,1,3,4,3,4,5,5,6,7,8,3.26,2.89,2.89,2.99,3.11,1.31,1.51,3.26,3.26,3.26,3.26,3.26,20,
1,0,1,3,4,3,4,5,5,6,7,8,3.26,2.89,2.89,2.99,3.11,1.31,1.51,3.26,3.26,3.26,3.26,3.26,20,
0,0,1,3,4,12,13,5,5,6,9,11,3.26,3.04,2.91,2.93,2.98,1.44,1.64,3.04,3.26,3.04,3.11,3.11,21,
0,0,1,3,4,12,13,5,5,6,9,11,3.26,3.04,2.91,2.93,2.98,1.44,1.64,3.04,3.26,3.04,3.11,3.11,21,
0,0,1,3,4,12,13,5,5,6,9,11,3.26,3.04,2.91,2.93,2.98,1.44,1.64,3.04,3.26,3.04,3.11,3.11,21,
0,0,1,3,4,12,13,5,5,6,9,11,3.26,3.04,2.91,2.93,2.98,1.44,1.64,3.04,3.26,3.04,3.11,3.11,21,
0,0,1,3,4,12,13,5,5,6,9,11,3.26,3.04,2.91,2.93,2.98,1.44,1.64,3.04,3.26,3.04,3.11,3.11,21,
0,0,1,3,4,12,13,5,5,6,9,11,3.26,3.04,2.91,2.93,2.98,1.44,1.64,3.04,3.26,3.04,3.11,3.11,21,
0,0,1,3,4,12,13,5,5,6,9,11,3.26,3.04,2.91,2.93,2.98,1.44,1.64,3.04,3.26,3.04,3.11,3.11,21,
0,0,1,3,4,12,13,5,5,6,9,11,3.26,3.04,2.91,2.93,2.98,1.44,1.64,3.04,3.26,3.04,3.11,3.11,21,
0,0,1,3,4,12,13,5,5,6,9,11,3.26,3.04,2.91,2.93,2.98,1.44,1.64,3.04,3.26,3.04,3.11,3.11,21,
0,0,1,3,4,12,13,5,5,6,9,11,3.26,3.04,2.91,2.93,2.98,1.44,1.64,3.04,3.26,3.04,3.11,3.11,21,
0,0,1,3,4,12,13,5,5,6,9,11,3.26,3.04,2.91,2.93,2.98,1.44,1.64,3.04,3.26,3.04,3.11,3.11,21,
0,0,1,3,4,12,13,5,5,6,9,11,3.26,3.04,2.91,2.93,2.98,1.44,1.64,3.04,3.26,3.04,3.11,3.11,21,
0,0,1,3,4,12,13,5,5,6,9,11,3.26,3.04,2.91,2.93,2.98,1.44,1.64,3.04,3.26,3.04,3.11,3.11,21,
0,0,1,3,4,12,13,5,5,6,9,11,3.26,3.04,2.91,2.93,2.98,1.44,1.64,3.04,3.26,3.04,3.11,3.11,21,
0,0,1,3,4,3,4,5,5,6,7,8,3.26,2.89,2.89,2.99,3.11,1.42,1.62,3.26,3.26,3.26,3.26,3.26,22,
0,0,1,3,4,3,4,5,5,6,7,8,3.26,2.89,2.89,2.99,3.11,1.42,1.62,3.26,3.26,3.26,3.26,3.26,22,
0,0,1,3,4,3,4,5,5,6,7,8,3.26,2.89,2.89,2.99,3.11,1.42,1.62,3.26,3.26,3.26,3.26,3.26,22,
0,0,1,3,4,3,4,5,5,6,7,8,3.26,2.89,2.89,2.99,3.11,1.42,1.62,3.26,3.26,3.26,3.26,3.26,22,
0,0,1,3,4,3,4,5,5,6,7,8,3.26,2.89,2.89,2.99,3.11,1.42,1.62,3.26,3.26,3.26,3.26,3.26,22,
0,0,1,3,4,3,4,5,5,6,7,8,3.26,2.89,2.89,2.99,3.11,1.42,1.62,3.26,3.26,3.26,3.26,3.26,22,
0,0,1,3,4,3,4,5,5,6,7,8,3.26,2.89,2.89,2.99,3.11,1.42,1.62,3.26,3.26,3.26,3.26,3.26,22,
0,0,1,3,4,3,4,5,5,6,7,8,3.26,2.89,2.89,2.99,3.11,1.42,1.62,3.26,3.26,3.26,3.26,3.26,22,
0,0,1,3,4,3,4,5,5,6,7,8,3.26,2.89,2.89,2.99,3.11,1.42,1.62,3.26,3.26,3.26,3.26,3.26,22,
0,0,1,3,4,3,4,5,5,6,7,8,3.26,2.89,2.89,2.99,3.11,1.42,1.62,3.26,3.26,3.26,3.26,3.26,22,
0,0,1,3,4,3,4,5,5,6,7,8,3.26,2.89,2.89,2.99,3.11,1.42,1.62,3.26,3.26,3.26,3.26,3.26,22,
0,0,1,3,4,3,4,5,5,6,7,8,3.26,2.89,2.89,2.99,3.11,1.42,1.62,3.26,3.26,3.26,3.26,3.26,22,
0,0,1,3,4,3,4,5,5,6,7,8,3.26,2.89,2.89,2.99,3.11,1.42,1.62,3.26,3.26,3.26,3.26,3.26,22,
0,0,1,3,4,3,4,5,5,6,7,8,3.26,2.89,2.89,2.99,3.11,1.42,1.62,3.26,3.26,3.26,3.26,3.26,22,
1,0,1,3,4,12,13,5,5,6,9,11,3.26,3.04,2.91,2.93,2.98,1.54,1.74,3.04,3.26,3.04,3.11,3.11,23,
1,0,1,3,4,12,13,5,5,6,9,11,3.26,3.04,2.91,2.93,2.98,1.54,1.74,3.04,3.26,3.04,3.11,3.11,23,
1,0,1,3,4,12,13,5,5,6,9,11,3.26,3.04,2.91,2.93,2.98,1.54,1.74,3.04,3.26,3.04,3.11,3.11,23,
1,0,1,3,4,12,13,5,5,6,9,11,3.26,3.04,2.91,2.93,2.98,1.54,1.74,3.04,3.26,3.04,3.11,3.11,23,
1,0,1,3,4,12,13,5,5,6,9,11,3.26,3.04,2.91,2.93,2.98,1.54,1.74,3.04,3.26,3.04,3.11,3.11,23,
1,0,1,3,4,12,13,5,5,6,9,11,3.26,3.04,2.91,2.93,2.98,1.54,1.74,3.04,3.26,3.04,3.11,3.11,23,
1,0,1,3,4,12,13,5,5,6,9,11,3.26,3.04,2.91,2.93,2.98,1.54,1.74,3.04,3.26,3.04,3.11,3.11,23,
1,0,1,3,4,12,13,5,5,6,9,11,3.26,3.04,2.91,2.93,2.98,1.54,1.74,3.04,3.26,3.04,3.11,3.11,23,
1,0,1,3,4,12,13,5,5,6,9,11,3.26,3.04,2.91,2.93,2.98,1.54,1.74,3.04,3.26,3.04,3.11,3.11,23,
1,0,1,3,4,12,13,5,5,6,9,11,3.26,3.04,2.91,2.93,2.98,1.54,1.74,3.04,3.26,3.04,3.11,3.11,23,
1,0,1,3,4,12,13,5,5,6,9,11,3.26,3.04,2.91,2.93,2.98,1.54,1.74,3.04,3.26,3.04,3.11,3.11,23,
1,0,1,3,4,12,13,5,5,6,9,11,3.26,3.04,2.91,2.93,2.98,1.54,1.74,3.04,3.26,3.04,3.11,3.11,23,
1,0,1,3,4,12,13,5,5,6,9,11,3.26,3.04,2.91,2.93,2.98,1.54,1.74,3.04,3.26,3.04,3.11,3.11,23,
1,0,1,3,4,12,13,5,5,6,9,11,3.26,3.04,2.91,2.93,2.98,1.54,1.74,3.04,3.26,3.04,3.11,3.11,23,
0,0,1,3,4,3,4,5,5,6,7,8,3.26,2.89,2.89,2.99,3.11,1.52,1.72,3.26,3.26,3.26,3.26,3.26,24,
0,0,1,3,4,3,4,5,5,6,7,8,3.26,2.89,2.89,2.99,3.11,1.52,1.72,3.26,3.26,3.26,3.26,3.26,24,
0,0,1,3,4,3,4,5,5,6,7,8,3.26,2.89,2.89,2.99,3.11,1.52,1.72,3.26,3.26,3.26,3.26,3.26,24,
0,0,1,3,4,3,4,5,5,6,7,8,3.26,2.89,2.89,2.99,3.11,1.52,1.72,3.26,3.26,3.26,3.26,3.26,24,
0,0,1,3,4,3,4,5,5,6,7,8,3.26,2.89,2.89,2.99,3.11,1.52,1.72,3.26,3.26,3.26,3.26,3.26,24,
0,0,1,3,4,3,4,5,5,6,7,8,3.26,2.89,2.89,2.99,3.11,1.52,1.72,3.26,3.26,3.26,3.26,3.26,24,
0,0,1,3,4,3,4,5,5,6,7,8,3.26,2.89,2.89,2.99,3.11,1.52,1.72,3.26,3.26,3.26,3.26,3.26,24,
0,0,1,3,4,3,4,5,5,6,7,8,3.26,2.89,2.89,2.99,3.11,1.52,1.72,3.26,3.26,3.26,3.26,3.26,24,
0,0,1,3,4,3,4,5,5,6,7,8,3.26,2.89,2.89,2.99,3.11,1.52,1.72,3.26,3.26,3.26,3.26,3.26,24,
0,0,1,3,4,3,4,5,5,6,7,8,3.26,2.89,2.89,2.99,3.11,1.52,1.72,3.26,3.26,3.26,3.26,3.26,24,
0,0,1,3,4,3,4,5,5,6,7,8,3.26,2.89,2.89,2.99,3.11,1.52,1.72,3.26,3.26,3.26,3.26,3.26,24,
0,0,1,3,4,3,4,5,5,6,7,8,3.26,2.89,2.89,2.99,3.11,1.52,1.72,3.26,3.26,3.26,3.26,3.26,24,
0,0,1,3,4,3,4,5,5,6,7,8,3.26,2.89,2.89,2.99,3.11,1.52,1.72,3.26,3.26,3.26,3.26,3.26,24,
0,0,1,3,4,3,4,5,5,6,7,8,3.26,2.89,2.89,2.99,3.11,1.52,1.72,3.26,3.26,3.26,3.26,3.26,24,
1,0,1,3,4,12,13,5,5,6,9,11,3.26,3.04,2.91,2.93,2.98,1.65,1.85,3.04,3.26,3.04,3.11,3.11,25,
1,0,1,3,4,12,13,5,5,6,9,11,3.26,3.04,2.91,2.93,2.98,1.65,1.85,3.04,3.26,3.04,3.11,3.11,25,
1,0,1,3,4,12,13,5,5,6,9,11,3.26,3.04,2.91,2.93,2.98,1.65,1.85,3.04,3.26,3.04,3.11,3.11,25,
1,0,1,3,4,12,13,5,5,6,9,11,3.26,3.04,2.91,2.93,2.98,1.65,1.85,3.04,3.26,3.04,3.11,3.11,25,
1,0,1,3,4,12,13,5,5,6,9,11,3.26,3.04,2.91,2.93,2.98,1.65,1.85,3.04,3.26,3.04,3.11,3.11,25,
1,0,1,3,4,12,13,5,5,6,9,11,3.26,3.04,2.91,2.93,2.98,1.65,1.85,3.04,3.26,3.04,3.11,3.11,25,
1,0,1,3,4,12,13,5,5,6,9,11,3.26,3.04,2.91,2.93,2.98,1.65,1.85,3.04,3.26,3.04,3.11,3.11,25,
1,0,1,3,4,12,13,5,5,6,9,11,3.26,3.04,2.91,2.93,2.98,1.65,1.85,3.04,3.26,3.04,3.11,3.11,25,
1,0,1,3,4,12,13,5,5,6,9,11,3.26,3.04,2.91,2.93,2.98,1.65,1.85,3.04,3.26,3.04,3.11,3.11,25,
1,0,1,3,4,12,13,5,5,6,9,11,3.26,3.04,2.91,2.93,2.98,1.65,1.85,3.04,3.26,3.04,3.11,3.11,25,
1,0,1,3,4,12,13,5,5,6,9,11,3.26,3.04,2.91,2.93,2.98,1.65,1.85,3.04,3.26,3.04,3.11,3.11,25,
1,0,1,3,4,12,13,5,5,6,9,11,3.26,3.04,2.91,2.93,2.98,1.65,1.85,3.04,3.26,3.04,3.11,3.11,25,
1,0,1,3,4,12,13,5,5,6,9,11,3.26,3.04,2.91,2.93,2.98,1.65,1.85,3.04,3.26,3.04,3.11,3.11,25,
1,0,1,3,4,12,13,5,5,6,9,11,3.26,3.04,2.91,2.93,2.98,1.65,1.85,3.04,3.26,3.04,3.11,3.11,25,
0,0,1,3,4,3,4,5,5,6,7,8,3.26,2.89,2.89,2.99,3.11,1.63,1.83,3.26,3.26,3.26,3.26,3.26,26,
0,0,1,3,4,3,4,5,5,6,7,8,3.26,2.89,2.89,2.99,3.11,1.63,1.83,3.26,3.26,3.26,3.26,3.26,26,
0,0,1,3,4,3,4,5,5,6,7,8,3.26,2.89,2.89,2.99,3.11,1.63,1.83,3.26,3.26,3.26,3.26,3.26,26,
0,0,1,3,4,3,4,5,5,6,7,8,3.26,2.89,2.89,2.99,3.11,1.63,1.83,3.26,3.26,3.26,3.26,3.26,26,
0,0,1,3,4,3,4,5,5,6,7,8,3.26,2.89,2.89,2.99,3.11,1.63,1.83,3.26,3.26,3.26,3.26,3.26,26,
0,0,1,3,4,3,4,5,5,6,7,8,3.26,2.89,2.89,2.99,3.11,1.63,1.83,3.26,3.26,3.26,3.26,3.26,26,
0,0,1,3,4,3,4,5,5,6,7,8,3.26,2.89,2.89,2.99,3.11,1.63,1.83,3.26,3.26,3.26,3.26,3.26,26,
0,0,1,3,4,3,4,5,5,6,7,8,3.26,2.89,2.89,2.99,3.11,1.63,1.83,3.26,3.26,3.26,3.26,3.26,26,
0,0,1,3,4,3,4,5,5,6,7,8,3.26,2.89,2.89,2.99,3.11,1.63,1.83,3.26,3.26,3.26,3.26,3.26,26,
0,0,1,3,4,3,4,5,5,6,7,8,3.26,2.89,2.89,2.99,3.11,1.63,1.83,3.26,3.26,3.26,3.26,3.26,26,
0,0,1,3,4,3,4,5,5,6,7,8,3.26,2.89,2.89,2.99,3.11,1.63,1.83,3.26,3.26,3.26,3.26,3.26,26,
0,0,1,3,4,3,4,5,5,6,7,8,3.26,2.89,2.89,2.99,3.11,1.63,1.83,3.26,3.26,3.26,3.26,3.26,26,
0,0,1,3,4,3,4,5,5,6,7,8,3.26,2.89,2.89,2.99,3.11,1.63,1.83,3.26,3.26,3.26,3.26,3.26,26,
0,0,1,3,4,3,4,5,5,6,7,8,3.26,2.89,2.89,2.99,3.11,1.63,1.83,3.26,3.26,3.26,3.26,3.26,26,
0,0,1,3,4,12,13,5,5,6,9,11,3.26,3.04,2.91,2.93,2.98,1.76,1.96,3.04,3.26,3.04,3.11,3.11,27,
0,0,1,3,4,12,13,5,5,6,9,11,3.26,3.04,2.91,2.93,2.98,1.76,1.96,3.04,3.26,3.04,3.11,3.11,27,
0,0,1,3,4,12,13,5,5,6,9,11,3.26,3.04,2.91,2.93,2.98,1.76,1.96,3.04,3.26,3.04,3.11,3.11,27,
0,0,1,3,4,12,13,5,5,6,9,11,3.26,3.04,2.91,2.93,2.98,1.76,1.96,3.04,3.26,3.04,3.11,3.11,27,
0,0,1,3,4,12,13,5,5,6,9,11,3.26,3.04,2.91,2.93,2.98,1.76,1.96,3.04,3.26,3.04,3.11,3.11,27,
0,0,1,3,4,12,13,5,5,6,9,11,3.26,3.04,2.91,2.93,2.98,1.76,1.96,3.04,3.26,3.04,3.11,3.11,27,
0,0,1,3,4,12,13,5,5,6,9,11,3.26,3.04,2.91,2.93,2.98,1.76,1.96,3.04,3.26,3.04,3.11,3.11,27,
0,0,1,3,4,12,13,5,5,6,9,11,3.26,3.04,2.91,2.93,2.98,1.76,1.96,3.04,3.26,3.04,3.11,3.11,27,
0,0,1,3,4,12,13,5,5,6,9,11,3.26,3.04,2.91,2.93,2.98,1.76,1.96,3.04,3.26,3.04,3.11,3.11,27,
0,0,1,3,4,12,13,5,5,6,9,11,3.26,3.04,2.91,2.93,2.98,1.76,1.96,3.04,3.26,3.04,3.11,3.11,27,
0,0,1,3,4,12,13,5,5,6,9,11,3.26,3.04,2.91,2.93,2.98,1.76,1.96,3.04,3.26,3.04,3.11,3.11,27,
0,0,1,3,4,12,13,5,5,6,9,11,3.26,3.04,2.91,2.93,2.98,1.76,1.96,3.04,3.26,3.04,3.11,3.11,27,
0,0,1,3,4,12,13,5,5,6,9,11,3.26,3.04,2.91,2.93,2.98,1.76,1.96,3.04,3.26,3.04,3.11,3.11,27,
0,0,1,3,4,12,13,5,5,6,9,11,3.26,3.04,2.91,2.93,2.98,1.76,1.96,3.04,3.26,3.04,3.11,3.11,27,
0,0,1,3,4,3,4,5,5,6,7,8,3.26,2.89,2.89,2.99,3.11,1.74,1.94,3.26,3.26,3.26,3.26,3.26,28,
0,0,1,3,4,3,4,5,5,6,7,8,3.26,2.89,2.89,2.99,3.11,1.74,1.94,3.26,3.26,3.26,3.26,3.26,28,
0,0,1,3,4,3,4,5,5,6,7,8,3.26,2.89,2.89,2.99,3.11,1.74,1.94,3.26,3.26,3.26,3.26,3.26,28,
0,0,1,3,4,3,4,5,5,6,7,8,3.26,2.89,2.89,2.99,3.11,1.74,1.94,3.26,3.26,3.26,3.26,3.26,28,
0,0,1,3,4,3,4,5,5,6,7,8,3.26,2.89,2.89,2.99,3.11,1.74,1.94,3.26,3.26,3.26,3.26,3.26,28,
0,0,1,3,4,3,4,5,5,6,7,8,3.26,2.89,2.89,2.99,3.11,1.74,1.94,3.26,3.26,3.26,3.26,3.26,28,
0,0,1,3,4,3,4,5,5,6,7,8,3.26,2.89,2.89,2.99,3.11,1.74,1.94,3.26,3.26,3.26,3.26,3.26,28,
0,0,1,3,4,3,4,5,5,6,7,8,3.26,2.89,2.89,2.99,3.11,1.74,1.94,3.26,3.26,3.26,3.26,3.26,28,
0,0,1,3,4,3,4,5,5,6,7,8,3.26,2.89,2.89,2.99,3.11,1.74,1.94,3.26,3.26,3.26,3.26,3.26,28,
0,0,1,3,4,3,4,5,5,6,7,8,3.26,2.89,2.89,2.99,3.11,1.74,1.94,3.26,3.26,3.26,3.26,3.26,28,
0,0,1,3,4,3,4,5,5,6,7,8,3.26,2.89,2.89,2.99,3.11,1.74,1.94,3.26,3.26,3.26,3.26,3.26,28,
0,0,1,3,4,3,4,5,5,6,7,8,3.26,2.89,2.89,2.99,3.11,1.74,1.94,3.26,3.26,3.26,3.26,3.26,28,
0,0,1,3,4,3,4,5,5,6,7,8,3.26,2.89,2.89,2.99,3.11,1.74,1.94,3.26,3.26,3.26,3.26,3.26,28,
0,0,1,3,4,3,4,5,5,6,7,8,3.26,2.89,2.89,2.99,3.11,1.74,1.94,3.26,3.26,3.26,3.26,3.26,28,
1,0,1,3,4,12,13,5,5,6,9,11,3.26,3.04,2.91,2.93,2.98,1.86,2.06,3.04,3.26,3.04,3.11,3.11,29,
1,0,1,3,4,12,13,5,5,6,9,11,3.26,3.04,2.91,2.93,2.98,1.86,2.06,3.04,3.26,3.04,3.11,3.11,29,
1,0,1,3,4,12,13,5,5,6,9,11,3.26,3.04,2.91,2.93,2.98,1.86,2.06,3.04,3.26,3.04,3.11,3.11,29,
1,0,1,3,4,12,13,5,5,6,9,11,3.26,3.04,2.91,2.93,2.98,1.86,2.06,3.04,3.26,3.04,3.11,3.11,29,
1,0,1,3,4,12,13,5,5,6,9,11,3.26,3.04,2.91,2.93,2.98,1.86,2.06,3.04,3.26,3.04,3.11,3.11,29,
1,0,1,3,4,12,13,5,5,6,9,11,3.26,3.04,2.91,2.93,2.98,1.86,2.06,3.04,3.26,3.04,3.11,3.11,29,
1,0,1,3,4,12,13,5,5,6,9,11,3.26,3.04,2.91,2.93,2.98,1.86,2.06,3.04,3.26,3.04,3.11,3.11,29,
1,0,1,3,4,12,13,5,5,6,9,11,3.26,3.04,2.91,2.93,2.98,1.86,2.06,3.04,3.26,3.04,3.11,3.11,29,
1,0,1,3,4,12,13,5,5,6,9,11,3.26,3.04,2.91,2.93,2.98,1.86,2.06,3.04,3.26,3.04,3.11,3.11,29,
1,0,1,3,4,12,13,5,5,6,9,11,3.26,3.04,2.91,2.93,2.98,1.86,2.06,3.04,3.26,3.04,3.11,3.11,29,
1,0,1,3,4,12,13,5,5,6,9,11,3.26,3.04,2.91,2.93,2.98,1.86,2.06,3.04,3.26,3.04,3.11,3.11,29,
1,0,1,3,4,12,13,5,5,6,9,11,3.26,3.04,2.91,2.93,2.98,1.86,2.06,3.04,3.26,3.04,3.11,3.11,29,
1,0,1,3,4,12,13,5,5,6,9,11,3.26,3.04,2.91,2.93,2.98,1.86,2.06,3.04,3.26,3.04,3.11,3.11,29,
1,0,1,3,4,12,13,5,5,6,9,11,3.26,3.04,2.91,2.93,2.98,1.86,2.06,3.04,3.26,3.04,3.11,3.11,29,
0,0,1,3,4,3,4,5,5,6,7,8,3.26,2.89,2.89,2.99,3.11,1.84,2.04,3.26,3.26,3.26,3.26,3.26,30,
0,0,1,3,4,3,4,5,5,6,7,8,3.26,2.89,2.89,2.99,3.11,1.84,2.04,3.26,3.26,3.26,3.26,3.26,30,
0,0,1,3,4,3,4,5,5,6,7,8,3.26,2.89,2.89,2.99,3.11,1.84,2.04,3.26,3.26,3.26,3.26,3.26,30,
0,0,1,3,4,3,4,5,5,6,7,8,3.26,2.89,2.89,2.99,3.11,1.84,2.04,3.26,3.26,3.26,3.26,3.26,30,
0,0,1,3,4,3,4,5,5,6,7,8,3.26,2.89,2.89,2.99,3.11,1.84,2.04,3.26,3.26,3.26,3.26,3.26,30,
0,0,1,3,4,3,4,5,5,6,7,8,3.26,2.89,2.89,2.99,3.11,1.84,2.04,3.26,3.26,3.26,3.26,3.26,30,
0,0,1,3,4,3,4,5,5,6,7,8,3.26,2.89,2.89,2.99,3.11,1.84,2.04,3.26,3.26,3.26,3.26,3.26,30,
0,0,1,3,4,3,4,5,5,6,7,8,3.26,2.89,2.89,2.99,3.11,1.84,2.04,3.26,3.26,3.26,3.26,3.26,30,
0,0,1,3,4,3,4,5,5,6,7,8,3.26,2.89,2.89,2.99,3.11,1.84,2.04,3.26,3.26,3.26,3.26,3.26,30,
0,0,1,3,4,3,4,5,5,6,7,8,3.26,2.89,2.89,2.99,3.11,1.84,2.04,3.26,3.26,3.26,3.26,3.26,30,
0,0,1,3,4,3,4,5,5,6,7,8,3.26,2.89,2.89,2.99,3.11,1.84,2.04,3.26,3.26,3.26,3.26,3.26,30,
0,0,1,3,4,3,4,5,5,6,7,8,3.26,2.89,2.89,2.99,3.11,1.84,2.04,3.26,3.26,3.26,3.26,3.26,30,
0,0,1,3,4,3,4,5,5,6,7,8,3.26,2.89,2.89,2.99,3.11,1.84,2.04,3.26,3.26,3.26,3.26,3.26,30,
0,0,1,3,4,3,4,5,5,6,7,8,3.26,2.89,2.89,2.99,3.11,1.84,2.04,3.26,3.26,3.26,3.26,3.26,30,
1,0,1,3,4,12,13,5,5,6,9,11,3.26,3.04,2.91,2.93,2.98,1.97,2.17,3.04,3.26,3.04,3.11,3.11,31,
1,0,1,3,4,12,13,5,5,6,9,11,3.26,3.04,2.91,2.93,2.98,1.97,2.17,3.04,3.26,3.04,3.11,3.11,31,
1,0,1,3,4,12,13,5,5,6,9,11,3.26,3.04,2.91,2.93,2.98,1.97,2.17,3.04,3.26,3.04,3.11,3.11,31,
1,0,1,3,4,12,13,5,5,6,9,11,3.26,3.04,2.91,2.93,2.98,1.97,2.17,3.04,3.26,3.04,3.11,3.11,31,
1,0,1,3,4,12,13,5,5,6,9,11,3.26,3.04,2.91,2.93,2.98,1.97,2.17,3.04,3.26,3.04,3.11,3.11,31,
1,0,1,3,4,12,13,5,5,6,9,11,3.26,3.04,2.91,2.93,2.98,1.97,2.17,3.04,3.26,3.04,3.11,3.11,31,
1,0,1,3,4,12,13,5,5,6,9,11,3.26,3.04,2.91,2.93,2.98,1.97,2.17,3.04,3.26,3.04,3.11,3.11,31,
1,0,1,3,4,12,13,5,5,6,9,11,3.26,3.04,2.91,2.93,2.98,1.97,2.17,3.04,3.26,3.04,3.11,3.11,31,
1,0,1,3,4,12,13,5,5,6,9,11,3.26,3.04,2.91,2.93,2.98,1.97,2.17,3.04,3.26,3.04,3.11,3.11,31,
1,0,1,3,4,12,13,5,5,6,9,11,3.26,3.04,2.91,2.93,2.98,1.97,2.17,3.04,3.26,3.04,3.11,3.11,31,
1,0,1,3,4,12,13,5,5,6,9,11,3.26,3.04,2.91,2.93,2.98,1.97,2.17,3.04,3.26,3.04,3.11,3.11,31,
1,0,1,3,4,12,13,5,5,6,9,11,3.26,3.04,2.91,2.93,2.98,1.97,2.17,3.04,3.26,3.04,3.11,3.11,31,
1,0,1,3,4,12,13,5,5,6,9,11,3.26,3.04,2.91,2.93,2.98,1.97,2.17,3.04,3.26,3.04,3.11,3.11,31,
1,0,1,3,4,12,13,5,5,6,9,11,3.26,3.04,2.91,2.93,2.98,1.97,2.17,3.04,3.26,3.04,3.11,3.11,31,
0,0,1,3,4,3,4,5,5,6,7,8,3.26,2.89,2.89,2.99,3.11,1.95,2.15,3.26,3.26,3.26,3.26,3.26,32,
0,0,1,3,4,3,4,5,5,6,7,8,3.26,2.89,2.89,2.99,3.11,1.95,2.15,3.26,3.26,3.26,3.26,3.26,32,
0,0,1,3,4,3,4,5,5,6,7,8,3.26,2.89,2.89,2.99,3.11,1.95,2.15,3.26,3.26,3.26,3.26,3.26,32,
0,0,1,3,4,3,4,5,5,6,7,8,3.26,2.89,2.89,2.99,3.11,1.95,2.15,3.26,3.26,3.26,3.26,3.26,32,
0,0,1,3,4,3,4,5,5,6,7,8,3.26,2.89,2.89,2.99,3.11,1.95,2.15,3.26,3.26,3.26,3.26,3.26,32,
0,0,1,3,4,3,4,5,5,6,7,8,3.26,2.89,2.89,2.99,3.11,1.95,2.15,3.26,3.26,3.26,3.26,3.26,32,
0,0,1,3,4,3,4,5,5,6,7,8,3.26,2.89,2.89,2.99,3.11,1.95,2.15,3.26,3.26,3.26,3.26,3.26,32,
0,0,1,3,4,3,4,5,5,6,7,8,3.26,2.89,2.89,2.99,3.11,1.95,2.15,3.26,3.26,3.26,3.26,3.26,32,
0,0,1,3,4,3,4,5,5,6,7,8,3.26,2.89,2.89,2.99,3.11,1.95,2.15,3.26,3.26,3.26,3.26,3.26,32,
0,0,1,3,4,3,4,5,5,6,7,8,3.26,2.89,2.89,2.99,3.11,1.95,2.15,3.26,3.26,3.26,3.26,3.26,32,
0,0,1,3,4,3,4,5,5,6,7,8,3.26,2.89,2.89,2.99,3.11,1.95,2.15,3.26,3.26,3.26,3.26,3.26,32,
0,0,1,3,4,3,4,5,5,6,7,8,3.26,2.89,2.89,2.99,3.11,1.95,2.15,3.26,3.26,3.26,3.26,3.26,32,
0,0,1,3,4,3,4,5,5,6,7,8,3.26,2.89,2.89,2.99,3.11,1.95,2.15,3.26,3.26,3.26,3.26,3.26,32,
0,0,1,3,4,3,4,5,5,6,7,8,3.26,2.89,2.89,2.99,3.11,1.95,2.15,3.26,3.26,3.26,3.26,3.26,32,
0,0,1,3,4,12,13,5,5,6,9,11,3.26,3.04,2.91,2.93,2.98,2.08,2.28,3.04,3.26,3.04,3.11,3.11,33,
0,0,1,3,4,12,13,5,5,6,9,11,3.26,3.04,2.91,2.93,2.98,2.08,2.28,3.04,3.26,3.04,3.11,3.11,33,
0,0,1,3,4,12,13,5,5,6,9,11,3.26,3.04,2.91,2.93,2.98,2.08,2.28,3.04,3.26,3.04,3.11,3.11,33,
0,0,1,3,4,12,13,5,5,6,9,11,3.26,3.04,2.91,2.93,2.98,2.08,2.28,3.04,3.26,3.04,3.11,3.11,33,
0,0,1,3,4,12,13,5,5,6,9,11,3.26,3.04,2.91,2.93,2.98,2.08,2.28,3.04,3.26,3.04,3.11,3.11,33,
0,0,1,3,4,12,13,5,5,6,9,11,3.26,3.04,2.91,2.93,2.98,2.08,2.28,3.04,3.26,3.04,3.11,3.11,33,
0,0,1,3,4,12,13,5,5,6,9,11,3.26,3.04,2.91,2.93,2.98,2.08,2.28,3.04,3.26,3.04,3.11,3.11,33,
0,0,1,3,4,12,13,5,5,6,9,11,3.26,3.04,2.91,2.93,2.98,2.08,2.28,3.04,3.26,3.04,3.11,3.11,33,
0,0,1,3,4,12,13,5,5,6,9,11,3.26,3.04,2.91,2.93,2.98,2.08,2.28,3.04,3.26,3.04,3.11,3.11,33,
0,0,1,3,4,12,13,5,5,6,9,11,3.26,3.04,2.91,2.93,2.98,2.08,2.28,3.04,3.26,3.04,3.11,3.11,33,
0,0,1,3,4,12,13,5,5,6,9,11,3.26,3.04,2.91,2.93,2.98,2.08,2.28,3.04,3.26,3.04,3.11,3.11,33,
0,0,1,3,4,12,13,5,5,6,9,11,3.26,3.04,2.91,2.93,2.98,2.08,2.28,3.04,3.26,3.04,3.11,3.11,33,
0,0,1,3,4,12,13,5,5,6,9,11,3.26,3.04,2.91,2.93,2.98,2.08,2.28,3.04,3.26,3.04,3.11,3.11,33,
0,0,1,3,4,12,13,5,5,6,9,11,3.26,3.04,2.91,2.93,2.98,2.08,2.28,3.04,3.26,3.04,3.11,3.11,33,
